1
0   1   3 100 1000 2
31  32  3 100 400000 2
47  48  3 100 400000 2
63  64  3 100 400000 2
79  80  3 100 400000 2
95  96  3 100 400000 2
111 112 3 100 400000 2
127 128 3 100 400000 2
143 144 3 100 400000 2
159 160 3 100 400000 2
175 176 3 100 400000 2
191 192 3 100 400000 2
207 208 3 100 400000 2
223 224 3 100 400000 2
239 240 3 100 400000 2
255   0 3 100 400000 2

First line: # of flows
src0 dst0 3 dst_port0 size0 start_time0
src1 dst1 3 dst_port1 size1 start_time1
...

Please order the flows in ascending start_time!
