256
0   1   3 100 8000000 2
1   2   3 100 8000000 2
2   3   3 100 8000000 2
3   4   3 100 8000000 2
4   5   3 100 8000000 2
5   6   3 100 8000000 2
6   7   3 100 8000000 2
7   8   3 100 8000000 2
8   9   3 100 8000000 2
9   10  3 100 8000000 2
10  11  3 100 8000000 2
11  12  3 100 8000000 2
12  13  3 100 8000000 2
13  14  3 100 8000000 2
14  15  3 100 8000000 2
15  16  3 100 8000000 2
16  17  3 100 8000000 2
17  18  3 100 8000000 2
18  19  3 100 8000000 2
19  20  3 100 8000000 2
20  21  3 100 8000000 2
21  22  3 100 8000000 2
22  23  3 100 8000000 2
23  24  3 100 8000000 2
24  25  3 100 8000000 2
25  26  3 100 8000000 2
26  27  3 100 8000000 2
27  28  3 100 8000000 2
28  29  3 100 8000000 2
29  30  3 100 8000000 2
30  31  3 100 8000000 2
31  32  3 100 8000000 2
32  33  3 100 8000000 2
33  34  3 100 8000000 2
34  35  3 100 8000000 2
35  36  3 100 8000000 2
36  37  3 100 8000000 2
37  38  3 100 8000000 2
38  39  3 100 8000000 2
39  40  3 100 8000000 2
40  41  3 100 8000000 2
41  42  3 100 8000000 2
42  43  3 100 8000000 2
43  44  3 100 8000000 2
44  45  3 100 8000000 2
45  46  3 100 8000000 2
46  47  3 100 8000000 2
47  48  3 100 8000000 2
48  49  3 100 8000000 2
49  50  3 100 8000000 2
50  51  3 100 8000000 2
51  52  3 100 8000000 2
52  53  3 100 8000000 2
53  54  3 100 8000000 2
54  55  3 100 8000000 2
55  56  3 100 8000000 2
56  57  3 100 8000000 2
57  58  3 100 8000000 2
58  59  3 100 8000000 2
59  60  3 100 8000000 2
60  61  3 100 8000000 2
61  62  3 100 8000000 2
62  63  3 100 8000000 2
63  64  3 100 8000000 2
64  65  3 100 8000000 2
65  66  3 100 8000000 2
66  67  3 100 8000000 2
67  68  3 100 8000000 2
68  69  3 100 8000000 2
69  70  3 100 8000000 2
70  71  3 100 8000000 2
71  72  3 100 8000000 2
72  73  3 100 8000000 2
73  74  3 100 8000000 2
74  75  3 100 8000000 2
75  76  3 100 8000000 2
76  77  3 100 8000000 2
77  78  3 100 8000000 2
78  79  3 100 8000000 2
79  80  3 100 8000000 2
80  81  3 100 8000000 2
81  82  3 100 8000000 2
82  83  3 100 8000000 2
83  84  3 100 8000000 2
84  85  3 100 8000000 2
85  86  3 100 8000000 2
86  87  3 100 8000000 2
87  88  3 100 8000000 2
88  89  3 100 8000000 2
89  90  3 100 8000000 2
90  91  3 100 8000000 2
91  92  3 100 8000000 2
92  93  3 100 8000000 2
93  94  3 100 8000000 2
94  95  3 100 8000000 2
95  96  3 100 8000000 2
96  97  3 100 8000000 2
97  98  3 100 8000000 2
98  99  3 100 8000000 2
99  100 3 100 8000000 2
100 101 3 100 8000000 2
101 102 3 100 8000000 2
102 103 3 100 8000000 2
103 104 3 100 8000000 2
104 105 3 100 8000000 2
105 106 3 100 8000000 2
106 107 3 100 8000000 2
107 108 3 100 8000000 2
108 109 3 100 8000000 2
109 110 3 100 8000000 2
110 111 3 100 8000000 2
111 112 3 100 8000000 2
112 113 3 100 8000000 2
113 114 3 100 8000000 2
114 115 3 100 8000000 2
115 116 3 100 8000000 2
116 117 3 100 8000000 2
117 118 3 100 8000000 2
118 119 3 100 8000000 2
119 120 3 100 8000000 2
120 121 3 100 8000000 2
121 122 3 100 8000000 2
122 123 3 100 8000000 2
123 124 3 100 8000000 2
124 125 3 100 8000000 2
125 126 3 100 8000000 2
126 127 3 100 8000000 2
127 128 3 100 8000000 2
128 129 3 100 8000000 2
129 130 3 100 8000000 2
130 131 3 100 8000000 2
131 132 3 100 8000000 2
132 133 3 100 8000000 2
133 134 3 100 8000000 2
134 135 3 100 8000000 2
135 136 3 100 8000000 2
136 137 3 100 8000000 2
137 138 3 100 8000000 2
138 139 3 100 8000000 2
139 140 3 100 8000000 2
140 141 3 100 8000000 2
141 142 3 100 8000000 2
142 143 3 100 8000000 2
143 144 3 100 8000000 2
144 145 3 100 8000000 2
145 146 3 100 8000000 2
146 147 3 100 8000000 2
147 148 3 100 8000000 2
148 149 3 100 8000000 2
149 150 3 100 8000000 2
150 151 3 100 8000000 2
151 152 3 100 8000000 2
152 153 3 100 8000000 2
153 154 3 100 8000000 2
154 155 3 100 8000000 2
155 156 3 100 8000000 2
156 157 3 100 8000000 2
157 158 3 100 8000000 2
158 159 3 100 8000000 2
159 160 3 100 8000000 2
160 161 3 100 8000000 2
161 162 3 100 8000000 2
162 163 3 100 8000000 2
163 164 3 100 8000000 2
164 165 3 100 8000000 2
165 166 3 100 8000000 2
166 167 3 100 8000000 2
167 168 3 100 8000000 2
168 169 3 100 8000000 2
169 170 3 100 8000000 2
170 171 3 100 8000000 2
171 172 3 100 8000000 2
172 173 3 100 8000000 2
173 174 3 100 8000000 2
174 175 3 100 8000000 2
175 176 3 100 8000000 2
176 177 3 100 8000000 2
177 178 3 100 8000000 2
178 179 3 100 8000000 2
179 180 3 100 8000000 2
180 181 3 100 8000000 2
181 182 3 100 8000000 2
182 183 3 100 8000000 2
183 184 3 100 8000000 2
184 185 3 100 8000000 2
185 186 3 100 8000000 2
186 187 3 100 8000000 2
187 188 3 100 8000000 2
188 189 3 100 8000000 2
189 190 3 100 8000000 2
190 191 3 100 8000000 2
191 192 3 100 8000000 2
192 193 3 100 8000000 2
193 194 3 100 8000000 2
194 195 3 100 8000000 2
195 196 3 100 8000000 2
196 197 3 100 8000000 2
197 198 3 100 8000000 2
198 199 3 100 8000000 2
199 200 3 100 8000000 2
200 201 3 100 8000000 2
201 202 3 100 8000000 2
202 203 3 100 8000000 2
203 204 3 100 8000000 2
204 205 3 100 8000000 2
205 206 3 100 8000000 2
206 207 3 100 8000000 2
207 208 3 100 8000000 2
208 209 3 100 8000000 2
209 210 3 100 8000000 2
210 211 3 100 8000000 2
211 212 3 100 8000000 2
212 213 3 100 8000000 2
213 214 3 100 8000000 2
214 215 3 100 8000000 2
215 216 3 100 8000000 2
216 217 3 100 8000000 2
217 218 3 100 8000000 2
218 219 3 100 8000000 2
219 220 3 100 8000000 2
220 221 3 100 8000000 2
221 222 3 100 8000000 2
222 223 3 100 8000000 2
223 224 3 100 8000000 2
224 225 3 100 8000000 2
225 226 3 100 8000000 2
226 227 3 100 8000000 2
227 228 3 100 8000000 2
228 229 3 100 8000000 2
229 230 3 100 8000000 2
230 231 3 100 8000000 2
231 232 3 100 8000000 2
232 233 3 100 8000000 2
233 234 3 100 8000000 2
234 235 3 100 8000000 2
235 236 3 100 8000000 2
236 237 3 100 8000000 2
237 238 3 100 8000000 2
238 239 3 100 8000000 2
239 240 3 100 8000000 2
240 241 3 100 8000000 2
241 242 3 100 8000000 2
242 243 3 100 8000000 2
243 244 3 100 8000000 2
244 245 3 100 8000000 2
245 246 3 100 8000000 2
246 247 3 100 8000000 2
247 248 3 100 8000000 2
248 249 3 100 8000000 2
249 250 3 100 8000000 2
250 251 3 100 8000000 2
251 252 3 100 8000000 2
252 253 3 100 8000000 2
253 254 3 100 8000000 2
254 255 3 100 8000000 2
255   0 3 100 8000000 2

First line: # of flows
src0 dst0 3 dst_port0 size0 start_time0
src1 dst1 3 dst_port1 size1 start_time1
...

Please order the flows in ascending start_time!
