16
16  0  3 100 32000000 2
17  0  3 100 32000000 2
18  0  3 100 32000000 2
19  0  3 100 32000000 2
20  0  3 100 32000000 2
21  0  3 100 32000000 2
22  0  3 100 32000000 2
23  0  3 100 32000000 2
24  0  3 100 32000000 2
25  0  3 100 32000000 2
26  0  3 100 32000000 2
27  0  3 100 32000000 2
28  0  3 100 32000000 2
29  0  3 100 32000000 2
30  0  3 100 32000000 2
31  0  3 100 32000000 2

First line: # of flows
src0 dst0 3 dst_port0 size0 start_time0
src1 dst1 3 dst_port1 size1 start_time1
...

Please order the flows in ascending start_time!
