32
2 1 3 100 1000 2
3 1 3 100 1000 2
4 1 3 100 1000 2
5 1 3 100 1000 2
6 1 3 100 1000 2
7 1 3 100 1000 2
8 1 3 100 1000 2
9 1 3 100 1000 2
10 1 3 100 1000 2
11 1 3 100 1000 2
12 1 3 100 1000 2
13 1 3 100 1000 2
14 1 3 100 1000 2
15 1 3 100 1000 2
16 1 3 100 1000 2
17 1 3 100 1000 2
18 1 3 100 1000 2
19 1 3 100 1000 2
20 1 3 100 1000 2
21 1 3 100 1000 2
22 1 3 100 1000 2
23 1 3 100 1000 2
24 1 3 100 1000 2
25 1 3 100 1000 2
26 1 3 100 1000 2
27 1 3 100 1000 2
28 1 3 100 1000 2
29 1 3 100 1000 2
30 1 3 100 1000 2
31 1 3 100 1000 2
32 1 3 100 1000 2
33 1 3 100 1000 2

First line: # of flows
src0 dst0 3 dst_port0 size0 start_time0
src1 dst1 3 dst_port1 size1 start_time1
...

Please order the flows in ascending start_time!
